500 ARKIV 1011 BOTANIK. BAND 1.

311-611 113313 andra, 611 3111616, 30111 13117311, 3330111 11311111111, 10116
3171163 113111 116113111 101 Ε. Fries, 1113 3111611 10333 (16 113113 1111111160-
11311163 Campi elysii (1701—02), 1 hvilka svenska namn 310 bi-
1033116 3113 (16 111111133113 31161113. Ε1] 3101 1161 31 (16333 310 ju
1111311113113, 001] (16133 1131111] 1131113 (131101 1111111116 111116336, 1311
3111111611101 30111 (16 0113 310 1111113116 3611011] 011613311111113 31116
1311113113 61161· 01’ν61·1ἒ1011131 131133, 31131316 11631111111111331 311
11311111, 1. 611. Arundo sancta maxima atrwubens, »Svaxtbruna
11001, 30111 1161131 0011 3111113 11111113 311 33 001] 3101113 313 med»,
61161 611 01071κί3 11311311 »8131111011 med 611 Β101113111011111]3 31
311311311113 31333 1110110113 131361 1111011311», 611 Ε1μ1ἱ36131η »Raf-
1111111163133 1116(1 11311 1013 13113 311311» 0. s. v. Α11161613 101313
(161, 1113111611 61161 (1611 3111113, 3111113361 (10011 111311331111161113113
3133 111. 111., 0011 1131· 1131· jag 1111111111 31111111310116 611 1131 361161-
111613 1013111133 11311111 101 101313 33113611 3111311113 1 (1611 11113
1111331131133 11116131111611. Δ’3111611 (16113 3111616 symes 10116 1131173
13111133313 31 Ε. F 1163.

Jag 311361 11113 111611 11333 0111 1)013 31611101111113 1111 BRO-
MELIUS⁷ Chloris 9111111061, 11311111311311116 (161331111113 3330111 611.
synnerligen 30111 3111616. Det 31 113111113611 1111116110311, 311
10113113161] 31311 3611 (16 31161, han 11111113111131, och (16 131133
synonymlistorna 3013 det 1111311131 311 identifiera 116331111113.
Ι)61 31 636111101111131, 311 1111311161] P. F. VVahlberg 61161 J.
E. Areschoug 13311 11311333] 1111 (1613311]1113 1 31113 31061611 011761
30161101331131116113 flora. Det synes mig, 3011] 1101116 (161 vara
611 111116333111 1111113111 101 1133011 med denna flora 1011103611
person 311 (11311113 13101116111 10116011111113 111611 11311113 botanisk
11011161111131111.

Ι 11333 011] 3113 116333 31116161] 1016 11111116 313 311111311133,
311 611 3101 (161 31 116 »3176113113υ 1131113611, 3330111 11111116 1131161131,
61111331 310 0116133113111331 11311 15131131] 61161 13111161. D&
11111116 10116 311333 313 11013 3006111613 dylika namn, 111311 3,]’311
301116 3311113 (16 1 11311 3111311 1611111361] 101611011111]311(16, 1131]
hans Flora sceciea 33333 1111113 1113333311111111161] 101· 611 ny
riktuing, som vid 133131311311116 31 (16 3176113113 1]31]]11611 10131
ville 1333 1 116113111311116, huruvida 10116 3111133111313 33113113
161131] 1 311131161 1016111111103.

Α1 31116161] 1131111331 61161 Linne's flora 1113 1111 1161101313
delen 1131113113 10333 Β. BERGms’ >Ta-l om svenska 303311013611] och
dess 11311113ηά6 3611011] 1011311116 31333133» (1769), AND. JAHAN
RETZIUs’ »11111331 1111 611 31113111111113 om 03133 13113113113 311131»

